1
16
80
1
16
112
1
16
144
1
16
176
1
16
208
1
16
240
1
16
272
1
16
304
1
16
336
1
16
368
1
48
368
1
80
368
1
112
368
1
144
368
1
176
368
1
176
336
1
176
304
1
176
272
1
176
240
1
176
208
1
144
208
1
112
208
1
80
208
1
48
208
1
16
48
1
336
144
1
304
144
1
272
144
1
240
144
1
208
144
1
208
176
1
208
208
1
208
240
1
208
272
1
208
304
1
208
336
1
208
368
1
240
368
1
272
368
1
304
368
1
336
368
1
336
336
1
336
304
1
304
304
1
272
304
2
368
240
2
368
272
2
368
304
2
368
336
2
368
368
2
400
368
2
432
368
2
464
368
2
496
368
2
496
336
2
496
304
2
496
272
2
496
240
2
464
240
2
432
240
2
400
240
2
496
208
2
496
176
2
496
144
2
496
112
2
496
80
2
496
48
4
528
112
4
560
112
4
592
112
4
624
112
4
624
144
4
624
176
4
624
208
4
624
240
4
592
240
4
560
240
4
528
240
4
528
272
4
528
304
4
528
336
4
528
368
4
560
368
4
592
368
4
624
368
